TestParams{toChange=N, min=1000, max=5000, step=200, n=5000, m=8, delta=10, x=100, type=NONBLOCKING}
1000,3.15625,2.77625,2.545
1200,3.80125,3.395,3.115
1400,4.5775,4.22375,3.90875
1600,5.505,5.10375,4.788749999999999
1800,6.51375,6.13875,5.84
2000,7.58875,7.220000000000001,6.83
2200,8.72125,8.24375,7.89375
2400,7.5375,7.24625,6.96
2600,10.17,9.78375,9.401250000000001
2800,12.33125,11.92,11.5075
3000,12.20375,11.8325,11.49125
3200,13.16,12.82625,12.52625
3400,16.6975,16.3075,15.838750000000001
3600,17.93,17.427500000000002,16.98125
3800,19.91375,19.465,19.03
4000,20.58875,20.235,19.88125
4200,22.9925,22.65,22.30875
4400,25.9925,25.61625,25.2425
4600,29.21,28.895,28.54625
4800,32.66375,32.3675,31.98875
