TestParams{toChange=M, min=1, max=20, step=2, n=5000, m=2, delta=10, x=100, type=NONBLOCKING}
1,34.23,33.61,33.05
3,34.39,33.71,33.080000000000005
5,33.366,32.734,32.192
7,33.839999999999996,33.207142857142856,32.519999999999996
9,32.58222222222222,32.25888888888889,31.741111111111113
11,42.452727272727266,42.08272727272727,38.443636363636365
13,52.85923076923076,52.473076923076924,39.2823076923077
15,63.72133333333333,63.356,39.81066666666666
17,74.3435294117647,74.00529411764705,40.20058823529411
19,82.79368421052631,82.40684210526315,39.56210526315789
